2 36 20 9 867 4 3
2 647 7 5 934 4 3
2 176 10 47 121 371 6 41 10 71 80 76 4 248 4 10 581 248 4 384 29 1011 9 687 6 64 98 4 102 117 797 198 4 3
2 823 4 68 67 15 4 3
2 22 7 79 6 3
2 35 117 9 274 4 41 8 185 220 51 5 84 11 8 265 4 295 23 9 871 36 49 4 3
2 46 648 895 4 3
2 10 43 20 8 218 226 4 3
2 7 142 7 97 20 8 265 4 3
2 54 43 8 218 226 4 3
2 22 7 9 359 6 3
2 42 6 58 7 237 9 359 6 3
2 58 7 55 76 8 108 20 63 125 6 3
2 22 7 41 84 5 753 6 3
2 14 5 29 148 4 21 79 4 24 17 41 713 522 3
2 105 22 7 6 3
2 10 44 32 262 4 29 139 553 4 165 13 409 7 6 3
2 14 5 13 35 643 9 100 576 4 3
2 14 5 14 5 14 4 8 108 20 31 125 4 165 13 409 7 6 3
2 110 4 3
2 83 95 5 14 50 11 914 4 29 8 38 4 33 164 10 150 7 5 44 405 674 331 5 12 44 670 109 4 3
2 22 7 41 84 6 3
2 902 691 4 794 9 100 109 4 3
2 127 46 9 38 5 42 165 31 135 126 391 6 3
2 64 515 4 16 17 15 6 3
2 121 371 4 3
2 589 288 4 10 273 248 4 3
2 7 142 7 420 89 4 3
2 14 5 14 5 14 4 10 112 282 4 639 63 228 4 137 19 282 4 3
2 10 273 282 4 21 35 180 70 714 20 4 3
2 7 142 13 43 31 228 4 3
2 98 742 4 98 900 4 21 112 931 620 868 31 1014 4 164 725 173 4 684 18 3
2 16 17 13 6 73 173 70 7 6 3
2 173 70 19 6 21 45 63 452 4 42 116 7 137 19 141 459 654 6 46 321 4 821 138 4 3
2 345 5 278 18 3
2 278 4 64 278 4 22 7 969 11 555 19 6 3
2 345 5 7 99 6 338 4 3
2 338 22 866 4 315 5 315 338 4 657 12 873 4 48 46 250 4 3
2 12 186 65 18 3
2 263 66 163 422 4 3
2 422 6 22 7 775 6 14 4 122 4 183 28 4 10 32 16 10 74 4 10 74 5 10 74 5 10 74 298 554 12 340 4 3
2 327 4 3
2 101 10 6 104 4 881 104 4 73 31 200 6 3
2 62 78 4 3
2 56 5 64 9 569 200 4 62 78 4 112 9 200 20 9 398 385 4 22 93 20 730 5 62 6 3
2 14 4 93 117 11 641 11 664 4 21 288 4 3
2 54 16 76 31 255 12 394 5 95 6 22 82 665 6 329 399 47 652 89 217 48 4 3
2 10 44 47 9 255 12 394 4 35 121 210 4 3
2 10 44 170 47 121 210 4 3
2 46 762 4 3
2 10 32 4 54 5 31 210 5 85 17 160 6 3
2 349 65 4 3
2 12 160 429 7 41 366 6 3
2 29 45 486 4 3
2 294 5 46 45 4 46 45 486 23 266 4 135 424 65 23 8 320 5 103 424 65 23 9 135 5 103 629 298 340 5 12 68 67 7 5 35 526 51 4 54 7 32 16 10 80 6 3
2 16 6 3
2 195 30 9 295 23 9 688 108 20 31 125 4 3
2 96 117 163 489 20 37 4 45 495 489 5 209 15 71 669 4 3
2 10 864 11 273 248 5 54 63 255 235 454 28 89 4 3
2 160 974 104 5 31 255 4 147 692 13 52 980 4 24 125 17 833 12 8 108 244 87 41 8 185 154 13 4 54 305 9 177 4 309 8 999 153 144 6 3
2 841 537 4 7 32 16 8 108 17 6 3
2 16 6 3
2 21 9 108 4 39 147 150 7 138 327 4 127 7 600 24 125 220 5 8 108 192 186 235 5 119 8 108 202 20 8 125 4 3
2 85 17 13 95 6 3
2 287 4 20 164 4 21 9 858 20 8 351 23 8 75 4 136 857 23 240 12 50 15 253 102 47 757 5 839 1010 84 37 20 8 125 23 31 435 4 310 5 71 7 270 6 3
2 9 467 4 110 4 3
2 26 27 143 151 4 3
2 26 27 6 3
2 26 27 143 151 4 64 16 10 292 4 16 165 13 203 6 3
2 26 27 143 151 4 3
2 13 197 15 28 8 347 662 23 24 125 5 92 9 924 12 275 333 9 26 4 12 7 32 16 15 197 6 3
2 16 6 3
2 7 74 9 155 125 4 8 438 185 11 443 8 520 17 11 206 13 41 8 185 4 8 733 25 819 12 360 896 470 175 4 69 3
2 16 6 3
2 7 32 225 844 150 7 442 72 11 30 148 12 7 80 120 795 430 11 328 7 412 155 6 3
2 110 4 3
2 442 72 11 30 148 4 3
2 26 27 143 151 4 26 27 143 151 4 3
2 133 6 133 6 3
2 73 15 6 3
2 51 5 7 99 6 233 7 13 192 443 4 104 167 98 4 3
2 73 15 177 6 43 15 26 27 6 3
2 14 4 10 80 15 43 26 457 951 4 455 13 43 5 13 433 19 9 414 4 242 642 4 375 9 463 140 414 4 848 26 27 143 151 4 39 42 150 222 6 308 4 3
2 308 16 6 3
2 308 26 27 151 154 37 4 39 57 456 47 4 399 32 4 3
2 21 863 4 269 98 19 4 159 335 262 4 39 92 138 29 448 4 20 8 436 23 63 374 4 3
2 14 5 14 5 14 5 14 5 14 5 14 5 14 5 14 5 14 5 14 18 3
2 94 66 11 60 36 20 51 4 8 323 22 490 4 21 72 11 494 18 3
2 39 21 35 9 135 4 88 71 9 135 47 323 6 3
2 21 45 9 135 4 21 9 50 238 4 3
2 16 5 9 128 90 6 96 66 9 128 50 238 6 3
2 45 52 462 1006 127 10 116 60 130 671 4 111 356 380 219 8 721 253 33 13 4 3
2 71 10 55 6 3
2 45 199 20 37 4 45 262 4 111 53 4 137 19 111 53 5 147 30 84 36 4 3
2 118 201 126 15 4 3
2 101 10 118 6 33 10 170 68 112 118 6 322 19 4 29 8 38 4 3
2 835 18 3
2 62 18 62 5 10 832 65 16 13 43 4 10 32 16 10 43 448 18 96 66 11 60 65 23 51 18 3
2 62 6 62 5 22 7 41 84 6 22 7 51 6 3
2 26 457 37 4 26 27 17 37 18 26 27 17 37 18 33 7 324 19 6 26 27 17 3
2 54 4 82 41 344 65 67 507 5 64 16 46 431 6 41 23 89 4 41 8 181 306 4 7 33 324 15 230 118 22 41 633 5 44 7 6 82 116 458 4 3
2 110 5 38 417 4 3
2 95 42 22 7 950 63 50 6 3
2 119 82 344 52 7 4 3
2 19 4 3
2 38 4 3
2 38 4 38 4 3
2 38 4 38 3
2 38 4 38 4 38 4 3
2 712 601 5 731 711 5 293 12 299 4 353 19 163 501 4 94 66 107 506 4 289 18 7 5 612 139 4 3
2 268 254 4 29 171 268 254 4 3
2 7 97 293 12 299 4 3
2 83 5 64 462 155 4 269 98 19 4 521 28 8 724 5 35 16 10 710 4 3
2 33 7 152 11 175 49 48 6 94 66 36 49 28 8 185 4 3
2 183 28 5 14 5 122 4 46 9 272 4 3
2 12 46 293 12 299 4 7 99 88 24 335 6 3
2 39 16 22 7 115 37 6 309 62 6 3
2 62 78 6 3
2 59 5 62 4 140 321 224 4 85 17 160 6 10 468 130 111 53 39 8 323 97 490 4 10 838 10 195 47 271 9 100 527 4 143 138 114 11 130 6 3
2 62 78 783 825 37 20 9 342 50 4 3
2 88 342 6 3
2 124 166 4 3
2 14 4 14 4 14 4 14 5 10 116 30 124 166 162 4 10 142 111 53 4 10 468 4 16 114 11 130 6 16 114 11 62 78 6 3
2 219 312 744 5 21 19 168 4 596 13 49 4 24 539 286 138 76 62 78 4 3
2 10 44 80 82 97 170 627 4 3
2 38 417 5 51 17 413 284 23 995 5 327 177 4 3
2 110 5 10 32 4 38 814 233 19 76 31 513 4 263 213 474 364 70 7 5 279 4 46 9 104 447 191 5 39 52 715 585 4 3
2 94 178 89 4 3
2 230 306 22 354 91 227 290 630 4 93 32 127 707 622 932 578 4 51 17 14 683 15 7 176 47 178 89 722 76 8 487 4 42 22 7 365 19 31 123 6 3
2 21 9 586 207 4 3
2 7 74 11 251 163 50 109 5 279 4 9 208 23 50 109 4 499 48 4 48 4 3
2 10 74 11 458 11 350 379 20 24 174 84 48 4 3
2 10 193 37 4 3
2 39 46 8 391 4 3
2 110 5 12 24 17 85 10 193 4 47 7 66 9 977 70 15 6 3
2 88 258 479 6 3
2 29 134 5 16 6 3
2 28 24 261 4 88 258 479 28 24 261 6 970 89 52 19 48 4 3
2 42 6 3
2 119 13 25 567 31 256 4 3
2 111 4 90 5 136 5 460 5 227 5 111 4 3
2 124 4 3
2 124 6 3
2 68 4 3
2 68 85 6 3
2 64 5 15 17 45 483 4 957 15 483 6 3
2 92 9 679 407 41 540 8 194 4 865 13 8 451 50 10 43 37 4 884 178 13 4 3
2 39 64 9 161 146 4 64 9 161 146 94 102 170 958 4 3
2 8 407 927 7 655 4 138 188 9 325 187 11 551 4 21 139 337 5 12 7 74 11 940 19 48 4 3
2 10 44 47 8 804 4 10 333 13 4 3
2 88 71 7 47 333 13 6 186 446 144 15 194 18 33 45 887 15 194 18 246 11 19 5 33 45 206 15 4 42 165 444 232 246 11 19 6 33 10 35 47 9 426 15 418 609 11 6 3
2 168 4 63 189 5 85 17 13 6 3
2 397 177 5 423 67 8 172 4 85 58 13 87 6 3
2 92 159 37 4 3
2 941 51 660 7 944 8 146 4 3
2 16 876 7 80 7 176 99 13 6 3
2 48 317 5 35 60 65 4 3
2 397 5 423 67 8 172 6 3
2 63 189 5 59 4 3
2 21 37 4 3
2 195 47 799 354 8 194 4 3
2 59 4 195 47 4 12 95 13 195 47 790 49 28 8 816 4 3
2 60 65 23 51 4 3
2 60 65 23 51 18 60 65 18 3
2 60 65 23 51 18 3
2 16 17 13 6 16 22 7 115 6 3
2 92 159 37 5 39 3
2 436 23 31 374 4 3
2 44 534 11 99 13 4 127 13 286 96 178 13 5 13 25 330 7 4 44 68 67 13 4 33 45 68 4 3
2 60 65 18 3
2 137 19 15 4 3
2 55 28 4 73 8 315 357 205 11 7 6 3
2 25 15 194 352 13 6 3
2 73 15 6 73 13 115 6 3
2 10 44 32 4 171 989 6 149 4 35 87 4 31 36 916 153 4 147 30 148 4 3
2 51 17 14 36 49 4 3
2 10 292 7 28 8 312 4 7 344 52 36 49 4 3
2 10 43 767 4 21 9 361 312 4 3
2 46 9 272 4 3
2 29 9 264 18 3
2 39 21 35 3
2 14 5 13 202 4 68 67 8 454 4 3
2 16 6 29 134 5 39 16 6 3
2 21 41 90 381 4 90 381 406 167 136 4 285 216 856 4 9 100 23 9 971 449 5 209 4 66 8 467 9 100 997 5 58 7 6 249 7 5 85 58 7 60 8 747 144 6 276 74 9 242 311 5 9 193 411 4 88 58 7 297 15 6 3
2 186 5 368 18 130 12 19 5 131 199 4 152 11 32 42 6 160 433 52 36 49 4 3
2 10 291 353 52 501 18 3
2 10 32 4 15 43 9 285 727 11 214 668 379 4 79 5 59 5 14 36 49 4 12 64 42 131 199 4 366 5 131 45 9 302 11 7 4 127 93 117 36 49 5 276 47 11 330 222 4 3
2 319 5 26 27 4 8 34 40 17 402 4 319 26 27 4 8 34 40 17 402 4 3
2 73 15 6 3
2 83 5 15 192 30 36 49 4 79 5 90 283 50 4 93 33 47 36 49 12 64 427 42 131 199 4 3
2 26 27 25 86 8 34 40 69 8 34 40 25 30 77 4 3
2 83 5 199 908 144 5 7 32 5 659 4 3
2 26 27 25 86 8 34 40 69 8 34 40 25 30 77 4 3
2 55 28 5 223 5 223 5 223 5 55 28 4 3
2 26 27 25 86 8 34 40 69 8 34 40 25 30 77 4 3
2 149 18 149 18 3
2 26 27 25 86 8 34 40 69 8 34 40 25 30 77 4 3
2 264 6 3
2 110 5 9 264 4 223 154 13 4 3
2 919 7 361 11 30 9 272 6 3
2 7 510 219 63 174 4 13 43 24 69 9 803 650 4 73 72 28 6 150 19 4 150 19 18 3
2 121 357 930 17 337 20 31 450 146 406 167 9 103 12 9 106 5 12 163 347 156 22 76 11 369 31 174 4 141 331 6 3
2 110 4 3
2 19 207 4 14 5 14 5 14 5 14 18 44 33 15 5 45 48 18 21 139 678 4 45 890 222 20 4 3
2 26 27 25 86 8 34 40 69 8 34 40 25 30 77 4 3
2 55 28 4 3
2 14 5 122 5 183 28 4 122 5 122 5 122 5 122 4 8 485 4 10 560 15 485 451 50 10 43 37 4 976 13 11 606 4 3
2 54 92 9 98 90 4 348 87 4 3
2 59 5 39 8 98 677 66 216 4 21 277 81 216 67 709 4 129 81 4 29 45 124 166 162 5 29 129 81 162 4 3
2 113 153 4 3
2 7 142 124 166 4 42 58 7 126 124 166 6 3
2 263 66 11 87 4 3
2 24 903 4 24 17 169 4 42 58 7 126 124 166 6 3
2 42 58 7 126 111 53 18 3
2 16 6 3
2 55 28 4 3
2 16 6 3
2 55 28 18 3
2 16 6 3
2 26 27 25 86 8 34 40 69 8 34 40 25 30 77 4 3
2 46 62 4 3
2 12 46 162 4 3
2 62 78 4 46 8 140 224 4 3
2 29 62 12 46 162 4 3
2 16 114 6 3
2 129 81 4 3
2 7 760 19 70 9 268 254 4 3
2 129 81 4 3
2 9 268 254 4 3
2 129 81 12 227 872 4 3
2 227 6 3
2 10 247 694 89 4 3
2 42 6 3
2 82 142 7 574 128 4 3
2 26 27 25 86 8 34 40 69 8 34 40 25 30 77 4 145 4 3
2 14 5 14 5 14 5 55 28 4 16 6 131 476 942 65 217 121 705 956 4 3
2 26 27 25 86 8 34 40 69 8 34 40 25 30 77 4 3
2 73 15 6 42 22 7 638 15 6 3
2 21 396 11 30 631 761 954 4 3
2 26 27 25 86 8 34 40 69 8 34 40 25 30 77 4 145 4 26 27 25 86 8 34 40 69 8 34 40 25 30 77 4 3
2 38 5 73 267 6 3
2 145 5 26 27 25 86 8 34 40 69 8 34 40 25 30 77 4 3
2 145 5 26 27 25 86 8 34 40 69 8 34 40 25 30 77 4 3
2 133 18 134 11 779 20 4 131 115 9 992 28 718 801 20 24 497 4 732 666 4 348 47 9 68 4 3
2 10 43 35 76 11 123 4 21 28 229 735 4 56 5 133 5 61 346 4 22 7 9 272 48 6 3
2 83 5 310 4 3
2 10 329 7 97 9 191 4 3
2 10 71 30 9 191 4 3
2 69 649 9 784 6 3
2 10 1005 4 3
2 61 5 105 17 31 245 6 3
2 482 61 6 7 97 62 4 3
2 59 6 48 29 61 4 3
2 62 78 4 15 43 9 827 200 4 3
2 100 398 385 4 3
2 10 32 7 5 44 10 6 94 178 7 296 198 4 3
2 45 19 4 269 98 426 204 50 28 4 12 16 284 23 681 9 264 6 3
2 10 87 11 955 12 10 882 118 4 70 607 4 21 9 915 4 3
2 7 97 9 140 224 111 53 187 4 3
2 46 355 304 63 210 4 3
2 29 8 38 4 29 355 304 854 210 4 12 15 17 45 88 29 982 466 4 3
2 516 4 646 723 4 27 789 598 975 4 3
2 79 5 54 21 287 5 20 229 829 4 120 632 11 8 161 75 4 3
2 73 49 51 6 16 22 7 300 52 6 3
2 79 4 132 24 416 5 136 758 5 31 820 769 544 6 120 72 11 74 9 672 883 793 532 4 3
2 39 301 47 11 492 49 204 5 773 82 6 54 528 9 962 911 917 5 64 805 53 4 16 33 7 80 5 91 53 6 59 5 91 53 4 263 66 91 53 4 3
2 91 53 11 16 6 3
2 22 7 8 38 6 3
2 57 17 5 202 57 6 113 8 38 18 8 241 38 4 41 257 465 7 58 225 7 97 140 4 8 241 38 4 21 107 4 3
2 403 175 49 4 3
2 465 6 3
2 441 5 21 107 5 202 13 6 21 362 107 18 3
2 212 5 175 49 4 91 53 11 16 6 3
2 8 34 40 25 30 77 4 145 4 3
2 8 34 40 4 120 45 250 76 31 174 5 120 250 76 8 132 4 296 49 51 5 92 9 720 5 12 21 72 11 369 8 132 4 3
2 25 30 77 4 145 5 26 27 25 86 8 34 40 69 8 34 40 25 30 77 4 3
2 91 53 11 8 172 23 8 75 4 3
2 145 5 26 27 25 86 939 34 40 5 69 8 34 40 25 30 77 4 3
2 145 4 26 27 25 86 8 34 40 69 8 34 40 25 30 77 4 3
2 16 17 24 408 6 85 101 10 6 3
2 502 4 3
2 309 8 885 23 13 6 3
2 24 17 13 4 3
2 17 51 121 573 6 3
2 14 4 3
2 9 922 492 780 6 3
2 14 4 3
2 170 9 140 90 6 3
2 14 4 3
2 603 897 6 3
2 636 4 477 121 290 217 196 4 3
2 93 44 47 477 121 290 4 33 93 47 9 196 6 3
2 14 4 3
2 83 5 64 104 4 580 5 15 17 4 91 53 11 214 8 75 12 94 66 9 935 640 4 12 21 175 4 16 17 15 6 3
2 21 9 280 78 4 3
2 42 367 51 141 469 6 3
2 10 44 32 4 92 102 141 469 4 3
2 95 88 33 7 32 21 9 280 78 6 3
2 13 35 17 4 17 13 169 5 8 280 78 6 3
2 10 44 32 4 42 192 10 32 6 24 17 207 390 4 29 45 326 5 29 45 205 262 4 3
2 73 267 6 949 13 72 869 6 3
2 54 73 173 70 8 343 6 3
2 159 4 46 300 67 13 154 9 519 4 275 564 109 31 542 750 4 48 120 171 326 11 818 8 132 4 56 5 12 37 82 55 4 8 34 535 4 8 172 879 5 167 13 43 201 72 11 5 220 9 363 123 4 3
2 24 202 128 5 17 13 6 24 17 163 281 23 184 387 49 4 3
2 42 192 10 387 7 49 6 3
2 7 233 19 7 117 9 50 238 4 3
2 12 7 563 19 4 3
2 95 10 421 49 4 3
2 56 5 7 102 152 11 33 15 4 14 4 183 28 4 175 49 4 122 4 10 401 13 4 10 158 13 12 10 401 13 4 16 58 10 99 6 10 158 4 16 58 10 99 6 10 158 5 10 158 5 10 158 3
2 570 3
2 91 53 4 10 71 33 13 4 91 53 5 8 132 905 4 149 11 31 420 766 12 126 386 5 69 186 12 388 19 4 3
2 14 4 3
2 29 134 6 3
2 14 18 3
2 61 5 14 5 14 5 16 22 7 115 6 3
2 22 7 65 23 31 249 6 3
2 105 22 7 6 3
2 7 32 105 10 101 4 3
2 14 5 362 4 105 22 7 6 3
2 68 67 8 320 4 172 23 8 75 5 91 53 4 3
2 83 5 155 428 763 5 95 4 3
2 61 5 10 101 72 11 74 63 196 36 4 3
2 110 5 20 9 100 4 48 87 12 47 792 4 3
2 84 5 110 4 3
2 831 4 3
2 29 8 38 4 29 9 50 708 4 164 10 233 7 129 81 187 17 437 4 29 128 4 73 267 20 8 320 17 128 5 12 127 7 44 234 19 87 84 48 5 164 96 232 595 17 389 4 3
2 10 44 303 7 4 3
2 35 91 53 4 35 303 19 52 91 53 4 68 67 13 4 1001 167 8 215 7 898 13 11 19 4 12 7 32 21 8 260 90 4 61 5 303 52 91 53 4 3
2 16 33 93 33 6 3
2 314 15 191 4 3
2 8 500 72 65 5 12 46 798 9 103 12 9 106 4 42 6 3
2 61 4 3
2 966 18 56 5 24 17 279 5 113 9 245 4 3
2 419 4 3
2 281 23 419 4 3
2 61 4 3
2 103 12 106 4 42 6 3
2 56 63 318 5 21 107 4 3
2 35 615 211 341 5 317 4 3
2 21 107 5 209 4 8 38 4 8 241 38 4 3
2 59 5 57 188 36 4 3
2 39 57 43 9 682 4 57 43 9 484 4 3
2 103 12 106 4 42 6 150 19 48 4 3
2 134 4 119 57 116 30 51 4 119 113 3
2 20 9 236 5 20 9 181 4 3
2 59 4 3
2 491 13 4 461 5 7 99 6 478 470 167 266 5 39 13 611 9 256 411 4 9 242 311 70 9 400 39 621 249 4 3
2 26 27 4 3
2 16 6 92 9 26 27 207 6 3
2 110 4 3
2 99 5 15 988 49 51 17 776 24 497 52 505 850 4 12 159 543 505 112 9 899 189 4 3
2 289 5 55 36 37 18 55 36 18 3
2 10 80 577 72 11 781 5 44 7 6 3
2 14 5 14 18 14 5 44 33 15 18 3
2 68 5 21 72 4 3
2 14 5 55 36 4 113 37 18 55 36 18 113 37 4 26 27 17 37 4 55 36 5 113 37 18 26 27 17 3
2 38 18 8 473 4 13 35 284 23 837 12 190 220 8 473 4 3
2 83 5 23 294 13 58 4 3
2 16 33 93 33 48 6 3
2 21 337 20 34 221 4 93 74 11 893 13 219 8 206 4 14 231 5 14 189 5 777 53 4 55 28 5 80 4 80 18 3
2 182 6 182 6 182 6 71 7 270 19 5 182 6 182 6 182 6 3
2 54 15 177 5 15 439 20 63 174 52 129 81 6 3
2 734 71 193 52 756 4 129 81 17 9 812 4 3
2 54 88 55 7 432 49 168 28 8 260 215 15 208 33 6 8 260 356 18 3
2 120 300 52 107 5 39 82 888 19 4 82 158 19 154 8 108 5 66 9 297 5 120 438 162 119 10 101 4 3
2 73 57 28 76 6 3
2 191 368 5 137 19 31 123 4 3
2 88 71 57 30 128 6 57 43 102 128 4 3
2 123 4 48 4 137 19 4 3
2 57 43 35 9 484 4 93 97 568 4 7 972 19 608 49 167 107 4 3
2 230 1007 5 120 22 41 181 306 6 3
2 59 4 3
2 14 5 120 41 8 461 4 496 874 5 496 787 52 26 27 4 3
2 57 117 9 106 5 209 4 92 9 106 20 9 181 6 3
2 83 5 8 181 364 907 113 511 9 106 5 26 27 472 9 106 4 179 18 31 245 5 16 43 211 200 6 45 107 5 8 802 90 4 3
2 316 4 3
2 212 4 3
2 56 5 316 4 3
2 57 117 9 179 20 211 440 4 9 179 4 184 440 5 184 179 4 10 74 978 179 4 7 136 5 60 11 8 236 4 60 239 65 23 15 377 4 745 8 161 261 4 123 19 225 46 205 4 3
2 31 196 4 55 28 4 3
2 39 88 71 57 30 37 6 88 71 8 38 30 37 6 3
2 133 4 179 4 137 19 4 3
2 14 5 14 5 14 5 14 5 122 4 3
2 21 148 4 137 13 37 4 3
2 183 28 18 3
2 861 4 60 9 986 5 212 4 3
2 441 4 3
2 16 22 7 115 6 3
2 8 500 271 738 5 54 84 48 5 296 65 51 5 92 72 11 30 9 184 216 363 817 237 4 41 8 849 20 8 75 813 67 507 5 12 33 7 32 16 82 74 6 19 4 345 5 12 37 82 41 22 4 41 8 184 965 4 1012 5 877 656 5 597 240 926 5 334 503 4 3
2 10 112 334 503 4 3
2 147 60 7 211 701 4 39 382 107 5 113 9 933 4 3
2 7 116 35 546 20 28 9 237 112 15 4 3
2 116 10 6 3
2 105 22 7 6 3
2 24 17 9 889 237 5 16 22 7 115 37 6 3
2 133 4 59 5 10 32 7 253 558 19 109 5 39 198 7 33 5 382 24 4 3
2 21 37 207 5 29 171 13 4 3
2 602 592 5 8 541 4 12 10 203 8 128 90 4 102 213 178 198 4 504 216 925 5 66 824 20 9 862 198 57 176 645 13 220 4 63 452 4 10 696 20 4 56 5 12 305 121 810 39 9 726 4 42 994 47 1013 4 12 9 808 228 23 828 5 921 304 782 613 70 136 588 12 9 536 4 68 67 31 582 4 350 10 101 5 29 9 754 4 68 67 8 343 4 7 74 41 8 388 7 71 60 4 786 5 852 319 4 3
2 610 5 16 22 7 115 6 3
2 29 493 9 785 425 4 474 285 5 937 703 5 12 9 953 100 967 5 39 44 234 28 4 12 42 101 10 493 13 28 9 123 6 102 249 5 746 313 65 4 79 5 29 464 24 11 41 31 690 4 60 239 105 335 52 7 464 24 287 4 796 5 751 5 634 5 719 5 960 5 770 547 5 455 96 66 4 141 331 6 3
2 105 43 31 906 245 6 3
2 334 5 518 4 3
2 16 165 24 425 33 6 3
2 21 9 663 878 5 64 41 4 13 373 774 4 13 472 20 8 1008 12 373 229 628 13 71 313 4 886 5 901 5 266 70 9 604 25 973 67 27 67 552 8 260 50 4 39 59 5 10 176 30 430 5 42 253 7 322 19 6 147 234 63 445 103 755 4 403 212 5 46 63 445 103 4 3
2 7 16 6 3
2 246 11 19 4 20 277 53 5 46 72 11 30 9 566 4 20 277 53 5 239 28 15 800 17 72 11 30 728 7 141 449 7 152 4 39 204 5 7 47 11 30 963 4 7 47 11 328 89 322 7 12 60 89 1009 4 24 17 13 5 212 5 84 37 5 84 48 4 24 17 225 7 524 4 617 8 215 7 214 8 75 4 3
2 42 19 6 3
2 21 31 435 4 48 87 5 87 5 87 4 3
2 79 5 625 5 348 33 24 4 3
2 56 5 12 979 31 675 912 4 3
2 590 114 49 51 4 93 116 60 154 4 3
2 29 807 107 4 38 6 131 67 8 236 5 39 93 116 60 154 4 3
2 16 58 57 126 6 3
2 68 20 8 984 4 252 252 18 556 4 22 7 28 31 185 6 46 72 11 74 9 196 4 3
2 44 259 5 94 788 9 587 4 3
2 56 318 4 3
2 913 4 3
2 16 114 6 3
2 51 43 9 103 4 9 103 70 9 106 4 10 80 38 635 938 4 12 8 983 4 3
2 22 7 20 6 3
2 525 4 3
2 39 702 26 27 4 3
2 7 74 11 60 65 23 51 4 3
2 57 43 54 771 4 57 247 480 12 480 4 12 15 106 4 8 416 23 15 106 4 3
2 10 943 13 43 990 4 12 57 35 190 591 5 748 239 4 3
2 85 58 57 87 5 58 7 99 6 143 57 271 6 93 439 20 8 945 4 3
2 56 5 29 171 13 173 168 5 367 10 6 29 201 115 15 4 54 258 618 4 3
2 56 5 63 318 18 3
2 61 6 61 5 73 267 6 3
2 61 5 428 11 19 18 3
2 131 20 8 181 377 5 39 21 37 4 21 171 20 4 3
2 481 392 22 7 6 3
2 16 5 134 6 3
2 481 392 6 3
2 204 261 5 28 8 429 5 923 144 8 172 4 3
2 56 5 346 140 62 78 4 94 987 7 626 49 4 129 81 5 12 7 102 170 491 10 43 51 4 140 62 78 5 559 52 130 358 38 11 395 4 39 45 24 50 5 62 4 3
2 84 18 133 4 101 10 162 6 14 5 460 53 11 87 4 54 139 50 4 3
2 50 52 16 5 50 594 6 3
2 251 8 478 109 4 301 313 7 20 9 909 4 418 1000 4 3
2 8 243 25 330 19 24 50 4 127 10 101 11 533 5 234 51 30 826 4 3
2 79 4 7 188 11 24 75 217 791 9 108 20 240 12 50 4 33 13 168 4 35 834 4 3
2 10 58 45 206 8 108 4 3
2 8 920 20 8 351 23 8 378 5 44 7 32 85 82 188 144 6 7 44 5 33 7 6 3
2 8 38 20 8 231 244 32 4 244 32 4 244 32 18 3
2 8 378 17 843 4 8 557 25 206 4 339 25 274 4 3
2 12 131 109 18 68 67 15 4 68 67 15 18 3
2 739 4 3
2 56 18 12 10 80 82 35 661 222 18 3
2 8 243 22 508 4 325 29 20 24 221 5 301 139 30 892 11 741 19 4 275 1003 9 123 5 45 19 4 3
2 59 5 39 24 17 8 104 100 4 10 203 5 24 17 63 228 100 4 33 7 32 16 24 123 17 562 23 6 842 23 7 4 229 221 96 968 11 251 5 84 37 4 996 5 12 476 523 76 48 4 12 8 947 1002 17 5 14 231 5 14 189 5 136 53 11 450 4 105 624 103 6 56 5 29 102 431 15 168 4 148 4 3
2 95 10 840 251 9 98 221 4 3
2 56 5 314 13 4 7 32 7 116 4 13 375 166 11 221 15 281 23 242 311 4 3
2 12 94 117 81 4 3
2 14 18 61 6 96 66 11 352 28 4 61 6 44 512 18 96 66 11 186 545 5 317 4 3
2 38 4 3
2 83 5 64 288 4 482 15 396 11 30 6 3
2 21 7 4 3
2 7 44 32 6 3
2 680 215 4 42 19 5 209 6 46 855 70 130 4 42 22 7 859 19 6 3
2 29 45 4 504 61 78 4 139 623 9 830 336 4 498 23 8 358 38 160 286 25 395 11 214 130 4 16 9 809 96 213 4 3
2 14 5 349 498 76 19 119 160 71 270 19 4 61 5 44 35 270 19 5 246 4 383 8 146 5 8 146 20 31 174 7 456 99 4 383 7 190 336 4 10 822 11 314 5 39 7 58 4 7 190 20 8 146 4 7 190 336 4 61 5 637 76 16 7 158 4 3
2 14 4 14 4 14 18 3
2 83 205 5 26 27 4 9 644 998 23 584 4 3
2 26 27 17 981 4 26 27 17 506 4 3
2 339 5 38 4 339 25 274 4 3
2 8 343 4 21 36 11 993 5 84 6 64 5 64 104 5 59 6 15 197 21 389 4 3
2 61 4 22 7 79 6 22 7 70 222 6 3
2 16 114 6 3
2 57 58 13 4 8 38 58 13 4 3
2 14 5 10 291 4 3
2 16 22 7 115 6 3
2 716 8 910 36 4 134 20 561 4 3
2 76 16 6 3
2 8 836 4 3
2 289 5 10 291 126 7 176 87 18 572 752 845 23 8 815 575 4 24 17 9 875 550 706 111 132 5 12 7 97 72 11 494 13 6 16 6 58 7 80 444 43 759 6 7 208 5 36 37 5 48 4 79 5 48 94 205 13 4 3
2 58 57 35 434 89 36 6 58 57 35 214 8 75 144 156 12 95 434 41 8 156 36 168 6 3
2 85 22 7 72 6 3
2 8 599 4 14 5 183 28 4 3
2 29 697 8 75 658 10 74 9 459 851 4 11 295 70 8 241 4 50 11 235 28 9 432 4 3
2 7 35 929 156 36 11 548 4 495 156 5 880 156 5 156 23 891 5 12 48 46 453 31 157 109 4 61 5 113 453 211 157 109 4 3
2 307 31 36 127 13 698 7 4 3
2 22 7 667 157 48 6 257 157 853 11 118 5 7 32 4 11 61 22 7 45 72 11 307 31 36 6 3
2 14 4 3
2 54 24 43 9 104 964 5 43 13 6 82 97 370 4 3
2 370 17 104 4 102 153 36 17 155 4 55 28 5 95 18 8 38 25 99 7 48 4 3
2 7 22 45 23 24 75 4 3
2 14 5 39 94 235 9 208 23 223 219 13 4 3
2 56 5 948 5 10 44 32 4 16 33 7 80 6 3
2 17 24 75 169 6 3
2 169 6 73 15 203 5 169 6 124 961 118 193 37 4 17 15 169 6 305 9 155 341 4 17 24 75 9 302 11 8 243 6 83 5 55 28 4 46 605 8 161 132 4 17 24 75 9 302 6 3
2 14 4 3
2 22 8 860 23 24 75 571 23 141 583 217 8 749 23 8 243 6 3
2 14 4 3
2 79 4 90 283 4 35 90 4 17 24 75 870 6 119 46 45 8 204 208 11 55 37 4 56 5 51 47 213 54 258 4 3
2 12 16 96 66 11 405 17 5 16 114 11 89 6 3
2 133 4 29 8 38 4 593 5 149 4 3
2 17 15 13 6 17 15 89 271 52 104 6 105 97 82 6 3
2 79 5 16 47 7 66 52 19 24 50 6 3
2 68 67 7 4 56 5 7 565 177 18 68 67 7 4 3
2 134 76 768 109 616 4 269 98 231 4 100 936 4 35 117 9 538 380 11 8 928 12 36 11 149 130 20 4 349 326 52 8 184 180 48 4 3
2 21 7 4 7 188 36 4 3
2 294 10 188 36 4 10 201 55 36 4 138 173 70 15 6 3
2 12 7 247 8 157 4 3
2 83 5 10 35 529 8 75 4 8 161 132 5 52 76 8 764 50 5 14 517 4 59 5 531 19 4 10 247 8 157 4 3
2 693 8 471 904 4 3
2 59 5 21 393 4 471 704 22 393 4 3
2 22 7 144 413 132 6 3
2 59 4 3
2 79 4 3
2 54 16 33 7 80 6 3
2 23 16 6 3
2 347 985 4 152 11 729 163 65 6 3
2 16 165 15 203 6 3
2 13 197 4 83 5 13 197 55 70 19 4 3
2 85 6 3
2 846 7 112 4 3
2 41 15 180 15 114 4 8 236 5 8 653 5 26 27 4 3
2 56 5 44 259 5 64 35 8 686 4 92 918 283 4 3
2 59 5 39 257 475 5 257 614 475 5 41 15 180 4 15 43 136 81 187 4 3
2 56 4 18 736 4 3
2 59 4 3
2 54 64 3
2 332 81 18 3
2 332 81 509 298 340 4 61 78 5 8 224 105 410 5 96 410 342 447 4 3
2 225 10 43 9 579 5 7 142 51 43 9 218 226 12 9 265 5 12 8 218 226 43 20 8 265 4 3
2 59 4 45 488 85 21 66 11 48 4 360 307 49 4 54 5 153 6 3
2 14 4 3
2 7 685 11 55 332 81 187 4 3
2 10 421 49 4 3
2 44 259 4 147 390 297 15 4 3
2 83 6 266 7 152 11 126 6 141 811 991 6 94 292 89 41 4 3
2 29 20 63 549 4 3
2 56 5 44 259 4 743 23 157 20 8 717 4 12 894 9 218 226 4 54 5 41 23 50 12 240 5 164 15 232 114 69 232 25 85 33 7 152 11 499 6 3
2 7 22 54 488 15 29 153 4 3
2 59 5 10 101 4 3
2 42 6 3
2 676 46 8 321 224 20 8 689 487 5 12 10 32 88 15 765 4 3
2 56 5 33 7 6 3
2 41 230 81 400 37 5 740 23 31 256 5 12 96 139 66 15 699 4 59 5 46 153 4 3
2 71 7 60 19 36 52 415 772 6 3
2 21 9 50 238 4 10 71 60 7 36 111 53 187 4 42 5 73 415 6 3
2 159 4 159 4 35 7 32 5 180 4 3
2 41 84 5 95 4 36 20 50 52 180 4 3
2 56 18 9 98 90 18 463 4 316 5 346 4 3
2 42 19 6 3
2 42 45 6 3
2 14 5 673 4 7 22 651 19 11 149 446 70 7 20 8 847 23 8 1004 4 21 9 778 341 4 42 19 6 3
2 10 44 32 4 737 4 33 10 47 11 47 9 404 6 3
2 118 201 47 9 404 4 3
2 33 10 68 112 118 6 3
2 213 700 806 28 63 946 52 9 325 4 63 530 5 39 94 376 250 11 466 41 8 50 4 21 365 19 695 4 3
2 46 959 4 64 13 6 35 15 6 3
2 35 15 4 952 4 3
2 79 4 3
2 54 5 22 7 79 5 95 6 119 24 408 5 310 13 71 328 118 412 9 100 5 7 32 4 3
2 29 148 4 21 35 5 92 9 161 75 20 37 5 35 112 7 142 4 21 41 437 4 10 329 4 83 5 10 376 11 80 15 384 7 97 35 112 9 372 70 9 135 4 3
2 61 78 5 92 138 276 155 324 76 19 5 119 21 169 5 12 90 215 31 256 619 514 28 13 4 10 101 427 9 372 70 9 135 4 252 252 18 59 4 386 502 5 133 164 4 3
