268 495 4 392 7 52 8 650 12 749 12 8 243 4 21 904 48 5 51 10 766 10 238 837 7 5 34 693 5 13 17 102 908 4 86 9 98 20 59 117 4 177 680 360 21 32 102 614 98 5 34 10 31 21 42 5 119 63 484 86 728 5 51 212 5 212 5 156 7 277 651 11 241 13 6 62 9 279 4 62 9
37 20 9 875 4
392 7 5 495 4
156 10 47 102 372 6 41 10 70 81 77 4 257 4 10 578 257 4 384 29 1020 9 688 6 65 99 4 103 118 724 199 4
829 4 69 63 15 4
22 7 78 6
32 118 9 278 4 41 8 185 220 53 5 83 11 8 267 4 298 23 9 879 37 50 4
46 646 833 4
10 44 20 8 218 226 4
7 139 7 97 20 8 267 4
51 44 8 218 226 4
22 7 9 279 6
43 6 58 7 237 9 279 6
58 7 55 77 8 98 20 59 117 6
22 7 41 83 5 759 6
14 5 29 146 4 21 78 4 24 17 41 715 1010
106 22 7 6
10 45 31 263 4 29 136 550 4 164 13 385 7 6
14 5 13 32 642 9 101 573 4
14 5 14 5 14 4 8 98 20 33 117 4 164 13 385 7 6
110 4
82 94 5 14 49 11 939 4 29 8 39 4 35 184 10 149 7 5 45 407 674 331 5 12 45 670 109 4
22 7 41 83 6
911 692 4 801 9 101 109 4
127 46 9 39 5 43 164 33 148 126 391 6
65 514 4 16 17 15 6
102 372 4
587 292 4 10 276 257 4
7 139 7 420 90 4
14 5 14 5 14 4 10 112 286 4 638 59 228 4 135 19 286 4
10 276 286 4 21 32 179 73 716 20 4
7 139 13 44 33 228 4
99 746 4 99 909 4 21 112 938 618 876 33 1023 4 184 729 171 4 685 18
16 17 13 6 72 171 73 7 6
171 73 19 6 21 42 59 451 4 43 116 7 135 19 138 458 654 6 46 321 4 827 151 4
345 5 282 18
282 4 65 282 4 22 7 976 11 552 19 6
345 5 7 100 6 338 4
338 22 874 4 316 5 316 338 4 657 12 881 4 48 46 252 4
12 186 66 18
264 67 163 422 4
422 6 22 7 782 6 14 4 123 4 182 28 4 10 31 16 10 74 4 10 74 5 10 74 5 10 74 243 551 12 340 4
327 4
113 10 6 105 4 889 105 4 72 33 201 6
64 84 4
56 5 65 9 565 201 4 64 84 4 112 9 201 20 9 399 386 4 22 92 20 734 5 64 6
14 4 92 118 11 640 11 664 4 21 292 4
51 16 77 33 256 12 395 5 94 6 22 80 665 6 329 400 47 652 90 217 48 4
10 45 47 9 256 12 395 4 32 102 177 4
10 45 168 47 102 177 4
46 769 4
10 31 4 51 5 33 177 5 85 17 160 6
348 66 4
12 160 428 7 41 367 6
29 42 487 4
297 5 46 42 4 46 42 487 23 269 4 148 424 66 23 8 320 5 104 424 66 23 9 148 5 104 627 243 340 5 12 69 63 7 5 32 524 53 4 51 7 31 16 10 81 6
16 6
196 30 9 298 23 9 689 98 20 33 117 4
95 118 163 490 20 38 4 42 496 490 5 210 15 70 669 4
10 872 11 276 257 5 51 59 256 235 453 28 90 4
160 982 105 5 33 256 4 145 605 13 52 989 4 24 117 17 841 12 8 98 240 88 41 8 185 154 13 4 51 306 9 175 4 310 8 1008 153 141 6
849 535 4 7 31 16 8 98 17 6
16 6
21 9 98 4 34 145 149 7 151 327 4 127 7 598 24 117 220 5 8 98 193 186 235 5 119 8 98 203 20 8 117 4
85 17 13 94 6
291 4 20 184 4 21 9 866 20 8 350 23 8 75 4 134 865 23 244 12 49 15 254 103 47 763 5 847 1019 83 38 20 8 117 23 33 433 4 311 5 70 7 273 6
9 466 4 110 4
26 27 140 150 4
26 27 6
26 27 140 150 4 65 16 10 295 4 16 164 13 204 6
26 27 140 150 4
13 198 15 28 8 346 662 23 24 117 5 86 9 932 12 280 333 9 26 4 12 7 31 16 15 198 6
16 6
7 74 9 172 117 4 8 437 185 11 442 8 519 17 11 207 13 41 8 185 4 8 737 25 825 12 358 903 469 174 4 62
16 6
7 31 225 852 149 7 441 71 11 30 146 12 7 81 122 802 429 11 328 7 413 172 6
110 4
441 71 11 30 146 4
26 27 140 150 4 26 27 140 150 4
143 6 143 6
72 15 6
53 5 7 100 6 233 7 13 193 442 4 105 166 99 4
72 15 175 6 44 15 26 27 6
14 4 10 81 15 44 26 456 958 4 454 13 44 5 13 353 19 9 415 4 246 641 4 375 9 462 137 415 4 856 26 27 140 150 4 34 43 149 222 6 309 4
309 16 6
309 26 27 150 154 38 4 34 57 455 47 4 400 31 4
21 871 4 272 99 19 4 159 335 263 4 34 86 151 29 447 4 20 8 434 23 59 374 4
14 5 14 5 14 5 14 5 14 5 14 5 14 5 14 5 14 5 14 18
93 67 11 61 37 20 53 4 8 323 22 491 4 21 71 11 366 18
34 21 32 9 148 4 89 70 9 148 47 323 6
21 42 9 148 4 21 9 49 239 4
16 5 9 128 96 6 95 67 9 128 49 239 6
42 52 461 1015 127 10 116 61 130 671 4 111 355 380 219 8 723 254 35 13 4
70 10 55 6
42 200 20 38 4 42 263 4 111 54 4 135 19 111 54 5 145 30 83 37 4
120 202 126 15 4
113 10 120 6 35 10 168 69 112 120 6 322 19 4 29 8 39 4
843 18
64 18 64 5 10 840 66 16 13 44 4 10 31 16 10 44 447 18 95 67 11 61 66 23 53 18
64 6 64 5 22 7 41 83 6 22 7 53 6
26 456 38 4 26 27 17 38 18 26 27 17 38 18 35 7 486 19 6 26 27 17
51 4 80 41 344 66 63 507 5 65 16 46 430 6 41 23 90 4 41 8 180 307 4 7 35 486 15 230 120 22 41 632 5 45 7 6 80 116 457 4
110 5 39 417 4
94 43 22 7 957 59 49 6
119 80 344 52 7 4
19 4
39 4
39 4 39 4
39 4 39
39 4 39 4 39 4
714 599 5 735 713 5 296 12 300 4 277 19 163 502 4 93 67 108 506 4 293 18 7 5 610 136 4
271 255 4 29 169 271 255 4
7 97 296 12 300 4
82 5 65 461 172 4 272 99 19 4 520 28 8 727 5 32 16 10 712 4
35 7 152 11 174 50 48 6 93 67 37 50 28 8 185 4
182 28 5 14 5 123 4 46 9 275 4
12 46 296 12 300 4 7 100 89 24 335 6
34 16 22 7 115 38 6 310 64 6
64 84 6
60 5 64 4 137 321 224 4 85 17 160 6 10 467 130 111 54 34 8 323 97 491 4 10 846 10 196 47 274 9 101 525 4 140 151 121 11 130 6
64 84 790 831 38 20 9 342 49 4
89 342 6
125 165 4
14 4 14 4 14 4 14 5 10 116 30 125 165 162 4 10 139 111 54 4 10 467 4 16 121 11 130 6 16 121 11 64 84 6
219 313 748 5 21 19 167 4 594 13 50 4 24 537 290 151 77 64 84 4
10 45 81 80 97 168 625 4
39 417 5 53 17 414 288 23 1004 5 327 175 4
110 5 10 31 4 39 820 233 19 77 33 513 4 264 214 473 364 73 7 5 283 4 46 9 105 446 192 5 34 52 717 583 4
93 176 90 4
230 307 22 352 91 227 294 628 4 92 31 127 709 620 940 575 4 53 17 14 684 15 7 156 47 176 90 725 77 8 488 4 43 22 7 365 19 33 124 6
21 9 584 208 4
7 74 11 253 163 49 109 5 283 4 9 209 23 49 109 4 500 48 4 48 4
10 74 11 457 11 349 379 20 24 173 83 48 4
10 194 38 4
34 46 8 391 4
110 5 12 24 17 85 10 194 4 47 7 67 9 986 73 15 6
89 259 478 6
29 133 5 16 6
28 24 262 4 89 259 478 28 24 262 6 977 90 52 19 48 4
43 6
119 13 25 563 33 324 4
111 4 96 5 134 5 459 5 227 5 111 4
125 4
125 6
69 4
69 85 6
65 5 15 17 42 482 4 964 15 482 6
86 9 679 409 41 538 8 195 4 873 13 8 450 49 10 44 38 4 892 176 13 4
34 65 9 161 144 4 65 9 161 144 93 103 168 965 4
8 409 935 7 655 4 151 189 9 325 188 11 548 4 21 136 337 5 12 7 74 11 947 19 48 4
10 45 47 8 810 4 10 333 13 4
89 70 7 47 333 13 6 186 445 141 15 195 18 35 42 895 15 195 18 249 11 19 5 35 42 207 15 4 43 164 443 232 249 11 19 6 35 10 32 47 9 426 15 418 607 11 6
167 4 59 190 5 85 17 13 6
398 175 5 423 63 8 170 4 85 58 13 88 6
86 159 38 4
948 53 660 7 951 8 144 4
16 884 7 81 7 156 100 13 6
48 212 5 32 61 66 4
398 5 423 63 8 170 6
59 190 5 60 4
21 38 4
196 47 805 352 8 195 4
60 4 196 47 4 12 94 13 196 47 797 50 28 8 822 4
61 66 23 53 4
61 66 23 53 18 61 66 18
61 66 23 53 18
16 17 13 6 16 22 7 115 6
86 159 38 5 34
434 23 33 374 4
45 532 11 100 13 4 127 13 290 95 176 13 5 13 25 330 7 4 45 69 63 13 4 35 42 69 4
61 66 18
135 19 15 4
55 28 4 72 8 316 356 206 11 7 6
25 15 195 351 13 6
72 15 6 72 13 115 6
10 45 31 4 169 998 6 147 4 32 88 4 33 37 924 153 4 145 30 146 4
53 17 14 37 50 4
10 295 7 28 8 313 4 7 344 52 37 50 4
10 44 774 4 21 9 359 313 4
46 9 275 4
29 9 266 18
34 21 32
14 5 13 203 4 69 63 8 453 4
16 6 29 133 5 34 16 6
21 41 96 381 4 96 381 408 166 134 4 289 216 864 4 9 101 23 9 978 448 5 210 4 67 8 466 9 101 1006 5 58 7 6 251 7 5 85 58 7 61 8 753 141 6 361 74 9 246 312 5 9 194 412 4 89 58 7 241 15 6
186 5 369 18 130 12 19 5 131 200 4 152 11 31 43 6 160 353 52 37 50 4
10 238 277 52 502 18
10 31 4 15 44 9 289 731 11 215 668 379 4 78 5 60 5 14 37 50 4 12 65 43 131 200 4 367 5 131 42 9 303 11 7 4 127 92 118 37 50 5 361 47 11 330 222 4
319 5 26 27 4 8 36 40 17 403 4 319 26 27 4 8 36 40 17 403 4
72 15 6
82 5 15 193 30 37 50 4 78 5 96 287 49 4 92 35 47 37 50 12 65 752 43 131 200 4
26 27 25 87 8 36 40 62 8 36 40 25 30 76 4
82 5 200 917 141 5 7 31 5 659 4
26 27 25 87 8 36 40 62 8 36 40 25 30 76 4
55 28 5 223 5 223 5 223 5 55 28 4
26 27 25 87 8 36 40 62 8 36 40 25 30 76 4
147 18 147 18
26 27 25 87 8 36 40 62 8 36 40 25 30 76 4
266 6
110 5 9 266 4 223 154 13 4
927 7 359 11 30 9 275 6
7 510 219 59 173 4 13 44 24 62 9 809 648 4 72 71 28 6 149 19 4 149 19 18
102 356 566 17 337 20 33 449 144 408 166 9 104 12 9 107 5 12 163 346 155 22 77 11 370 33 173 4 138 331 6
110 4
19 208 4 14 5 14 5 14 5 14 18 45 35 15 5 42 48 18 21 136 678 4 42 898 222 20 4
26 27 25 87 8 36 40 62 8 36 40 25 30 76 4
55 28 4
14 5 123 5 182 28 4 123 5 123 5 123 5 123 4 8 485 4 10 557 15 485 450 49 10 44 38 4 985 13 11 604 4
51 86 9 99 96 4 347 88 4
60 5 34 8 99 677 67 216 4 21 281 79 216 63 711 4 129 79 4 29 42 125 165 162 5 29 129 79 162 4
114 153 4
7 139 125 165 4 43 58 7 126 125 165 6
264 67 11 88 4
24 912 4 24 17 187 4 43 58 7 126 125 165 6
43 58 7 126 111 54 18
16 6
55 28 4
16 6
55 28 18
16 6
26 27 25 87 8 36 40 62 8 36 40 25 30 76 4
46 64 4
12 46 162 4
64 84 4 46 8 137 224 4
29 64 12 46 162 4
16 121 6
129 79 4
7 767 19 73 9 271 255 4
129 79 4
9 271 255 4
129 79 12 227 880 4
227 6
10 250 695 90 4
43 6
80 139 7 571 128 4
26 27 25 87 8 36 40 62 8 36 40 25 30 76 4 142 4
14 5 14 5 14 5 55 28 4 16 6 131 475 949 66 217 102 706 963 4
26 27 25 87 8 36 40 62 8 36 40 25 30 76 4
72 15 6 43 22 7 637 15 6
21 397 11 30 629 768 961 4
26 27 25 87 8 36 40 62 8 36 40 25 30 76 4 142 4 26 27 25 87 8 36 40 62 8 36 40 25 30 76 4
39 5 72 270 6
142 5 26 27 25 87 8 36 40 62 8 36 40 25 30 76 4
142 5 26 27 25 87 8 36 40 62 8 36 40 25 30 76 4
143 18 133 11 786 20 4 131 115 9 1001 28 720 807 20 24 498 4 736 666 4 347 47 9 69 4
10 44 32 77 11 124 4 21 28 229 739 4 56 5 143 5 68 268 4 22 7 9 275 48 6
82 5 311 4
10 329 7 97 9 192 4
10 70 30 9 192 4
62 647 9 791 6
10 1014 4
68 5 106 17 33 248 6
481 68 6 7 97 64 4
60 6 48 29 68 4
64 84 4 15 44 9 834 201 4
101 399 386 4
10 31 7 5 45 10 6 93 176 7 299 199 4
42 19 4 272 99 426 205 49 28 4 12 16 288 23 682 9 266 6
10 88 11 962 12 10 890 120 4 73 707 4 21 9 923 4
7 97 9 137 224 111 54 188 4
46 354 305 59 177 4
29 8 39 4 29 354 305 862 177 4 12 15 17 42 89 29 991 465 4
515 4 645 726 4 27 796 596 984 4
78 5 51 21 291 5 20 229 836 4 122 630 11 8 161 75 4
72 50 53 6 16 22 7 301 52 6
78 4 132 24 405 5 134 764 5 33 826 776 541 6 122 71 11 74 9 672 891 800 530 4
34 302 47 11 493 50 205 5 780 80 6 51 526 9 969 920 925 5 65 811 54 4 16 35 7 81 5 91 54 6 60 5 91 54 4 264 67 91 54 4
91 54 11 16 6
22 7 8 39 6
57 17 5 203 57 6 114 8 39 18 8 245 39 4 41 258 464 7 58 225 7 97 137 4 8 245 39 4 21 108 4
404 174 50 4
464 6
440 5 21 108 5 203 13 6 21 362 108 18
213 5 174 50 4 91 54 11 16 6
8 36 40 25 30 76 4 142 4
8 36 40 4 122 42 252 77 33 173 5 122 252 77 8 132 4 299 50 53 5 86 9 722 5 12 21 71 11 370 8 132 4
25 30 76 4 142 5 26 27 25 87 8 36 40 62 8 36 40 25 30 76 4
91 54 11 8 170 23 8 75 4
142 5 26 27 25 87 946 36 40 5 62 8 36 40 25 30 76 4
142 4 26 27 25 87 8 36 40 62 8 36 40 25 30 76 4
16 17 24 410 6 85 113 10 6
983 4
310 8 893 23 13 6
24 17 13 4
17 53 102 570 6
14 4
9 930 493 787 6
14 4
168 9 137 96 6
14 4
601 905 6
635 4 476 102 294 217 197 4
92 45 47 476 102 294 4 35 92 47 9 197 6
14 4
82 5 65 105 4 577 5 15 17 4 91 54 11 215 8 75 12 93 67 9 942 639 4 12 21 174 4 16 17 15 6
21 9 284 84 4
43 368 53 138 468 6
10 45 31 4 86 103 138 468 4
94 89 35 7 31 21 9 284 84 6
13 32 17 4 17 13 187 5 8 284 84 6
10 45 31 4 43 193 10 31 6 24 17 208 390 4 29 42 326 5 29 42 206 263 4
72 270 6 956 13 71 877 6
51 72 171 73 8 343 6
159 4 46 301 63 13 154 9 518 4 280 560 109 33 540 756 4 48 122 169 326 11 824 8 132 4 56 5 12 38 80 55 4 8 36 533 4 8 170 887 5 166 13 44 202 71 11 5 220 9 363 124 4
24 203 128 5 17 13 6 24 17 163 285 23 183 387 50 4
43 193 10 387 7 50 6
7 233 19 7 118 9 49 239 4
12 7 559 19 4
94 10 421 50 4
56 5 7 103 152 11 35 15 4 14 4 182 28 4 174 50 4 123 4 10 402 13 4 10 158 13 12 10 402 13 4 16 58 10 100 6 10 158 4 16 58 10 100 6 10 158 5 10 158 5 10 158
567
91 54 4 10 70 35 13 4 91 54 5 8 132 914 4 147 11 33 420 773 12 126 631 5 62 186 12 388 19 4
14 4
29 133 6
14 18
68 5 14 5 14 5 16 22 7 115 6
22 7 66 23 33 251 6
106 22 7 6
7 31 106 10 113 4
14 5 362 4 106 22 7 6
69 63 8 320 4 170 23 8 75 5 91 54 4
82 5 172 427 770 5 94 4
68 5 10 113 71 11 74 59 197 37 4
110 5 20 9 101 4 48 88 12 47 799 4
83 5 110 4
839 4
29 8 39 4 29 9 49 710 4 184 10 233 7 129 79 188 17 436 4 29 128 4 72 270 20 8 320 17 128 5 12 127 7 45 234 19 88 83 48 5 184 95 232 593 17 389 4
10 45 304 7 4
32 91 54 4 32 304 19 52 91 54 4 69 63 13 4 1011 166 8 265 7 906 13 11 19 4 12 7 31 21 8 261 96 4 68 5 304 52 91 54 4
16 35 92 35 6
315 15 192 4
8 501 71 66 5 12 46 804 9 104 12 9 107 4 43 6
68 4
973 18 56 5 24 17 283 5 114 9 248 4
419 4
285 23 419 4
68 4
104 12 107 4 43 6
56 59 318 5 21 108 4
32 613 211 341 5 212 4
21 108 5 210 4 8 39 4 8 245 39 4
60 5 57 189 37 4
34 57 44 9 683 4 57 44 9 483 4
104 12 107 4 43 6 149 19 48 4
133 4 119 57 116 30 53 4 119 114
20 9 236 5 20 9 180 4
60 4
492 13 4 460 5 7 100 6 477 469 166 269 5 34 13 609 9 324 412 4 9 246 312 73 9 401 34 619 251 4
26 27 4
16 6 86 9 26 27 208 6
110 4
100 5 15 997 50 53 17 783 24 498 52 505 858 4 12 159 360 505 112 9 907 190 4
293 5 55 37 38 18 55 37 18
10 81 574 71 11 788 5 45 7 6
14 5 14 18 14 5 45 35 15 18
69 5 21 71 4
14 5 55 37 4 114 38 18 55 37 18 114 38 4 26 27 17 38 4 55 37 5 114 38 18 26 27 17
39 18 8 472 4 13 32 288 23 845 12 191 220 8 472 4
82 5 23 297 13 58 4
16 35 92 35 48 6
21 337 20 36 221 4 92 74 11 901 13 219 8 207 4 14 231 5 14 190 5 784 54 4 55 28 5 81 4 81 18
181 6 181 6 181 6 70 7 273 19 5 181 6 181 6 181 6
51 15 175 5 15 438 20 59 173 52 129 79 6
738 70 194 52 762 4 129 79 17 9 818 4
51 89 55 7 431 50 167 28 8 261 265 15 209 35 6 8 261 355 18
122 301 52 108 5 34 80 896 19 4 80 158 19 154 8 98 5 67 9 241 5 122 437 162 119 10 113 4
72 57 28 77 6
192 369 5 135 19 33 124 4
89 70 57 30 128 6 57 44 103 128 4
124 4 48 4 135 19 4
57 44 32 9 483 4 92 97 564 4 7 979 19 606 50 166 108 4
230 1016 5 122 22 41 180 307 6
60 4
14 5 122 41 8 460 4 497 882 5 497 794 52 26 27 4
57 118 9 107 5 210 4 86 9 107 20 9 180 6
82 5 8 180 364 916 114 511 9 107 5 26 27 471 9 107 4 178 18 33 248 5 16 44 211 201 6 42 108 5 8 808 96 4
317 4
213 4
56 5 317 4
57 118 9 178 20 211 439 4 9 178 4 183 439 5 183 178 4 10 74 987 178 4 7 134 5 61 11 8 236 4 61 242 66 23 15 377 4 750 8 161 262 4 124 19 225 46 206 4
33 197 4 55 28 4
34 89 70 57 30 38 6 89 70 8 39 30 38 6
143 4 178 4 135 19 4
14 5 14 5 14 5 14 5 123 4
21 146 4 135 13 38 4
182 28 18
869 4 61 9 995 5 213 4
440 4
16 22 7 115 6
8 501 274 742 5 51 83 48 5 299 66 53 5 86 71 11 30 9 183 216 363 823 237 4 41 8 857 20 8 75 819 63 507 5 12 35 7 31 16 80 74 6 19 4 345 5 12 38 80 41 22 4 41 8 183 972 4 1021 5 885 656 5 595 244 934 5 334 503 4
10 112 334 503 4
145 61 7 211 702 4 34 382 108 5 114 9 941 4
7 116 32 543 20 28 9 237 112 15 4
116 10 6
106 22 7 6
24 17 9 897 237 5 16 22 7 115 38 6
143 4 60 5 10 31 7 254 555 19 109 5 34 199 7 35 5 382 24 4
21 38 208 5 29 169 13 4
600 590 5 8 539 4 12 10 204 8 128 96 4 103 214 176 199 4 504 216 933 5 67 830 20 9 870 199 57 156 644 13 220 4 59 451 4 10 697 20 4 56 5 12 306 102 816 34 9 730 4 43 1003 47 1022 4 12 9 814 228 23 835 5 929 305 789 611 73 134 586 12 9 534 4 69 63 33 580 4 349 10 113 5 29 9 760 4 69 63 8 343 4 7 74 41 8 388 7 70 61 4 793 5 860 319 4
608 5 16 22 7 115 6
29 494 9 792 425 4 473 289 5 944 704 5 12 9 960 101 974 5 34 45 234 28 4 12 43 113 10 494 13 28 9 124 6 103 251 5 751 314 66 4 78 5 29 463 24 11 41 33 691 4 61 242 106 335 52 7 463 24 291 4 803 5 757 5 633 5 721 5 967 5 777 544 5 454 95 67 4 138 331 6
106 44 33 915 248 6
334 5 517 4
16 164 24 425 35 6
21 9 663 886 5 65 41 4 13 373 781 4 13 471 20 8 1017 12 373 229 626 13 70 314 4 894 5 910 5 269 73 9 602 25 981 63 27 63 549 8 261 49 4 34 60 5 10 156 30 429 5 43 254 7 322 19 6 145 234 59 444 104 761 4 404 213 5 46 59 444 104 4
7 16 6
249 11 19 4 20 281 54 5 46 71 11 30 9 562 4 20 281 54 5 242 28 15 806 17 71 11 30 732 7 138 448 7 152 4 34 205 5 7 47 11 30 970 4 7 47 11 328 90 322 7 12 61 90 1018 4 24 17 13 5 213 5 83 38 5 83 48 4 24 17 225 7 522 4 616 8 265 7 215 8 75 4
43 19 6
21 33 433 4 48 88 5 88 5 88 4
78 5 623 5 347 35 24 4
56 5 12 988 33 675 921 4
588 121 50 53 4 92 116 61 154 4
29 813 108 4 39 6 131 63 8 236 5 34 92 116 61 154 4
16 58 57 126 6
69 20 8 993 4 435 435 18 553 4 22 7 28 33 185 6 46 71 11 74 9 197 4
45 260 5 93 795 9 585 4
56 318 4
922 4
16 121 6
53 44 9 104 4 9 104 73 9 107 4 10 81 39 634 945 4 12 8 992 4
22 7 20 6
523 4
34 703 26 27 4
7 74 11 61 66 23 53 4
57 44 51 778 4 57 250 479 12 479 4 12 15 107 4 8 405 23 15 107 4
10 950 13 44 999 4 12 57 32 191 589 5 754 242 4
85 58 57 88 5 58 7 100 6 140 57 274 6 92 438 20 8 952 4
56 5 29 169 13 171 167 5 368 10 6 29 202 115 15 4 51 259 617 4
56 5 59 318 18
68 6 68 5 72 270 6
68 5 427 11 19 18
131 20 8 180 377 5 34 21 38 4 21 169 20 4
480 393 22 7 6
16 5 133 6
480 393 6
205 262 5 28 8 428 5 931 141 8 170 4
56 5 268 137 64 84 4 93 996 7 624 50 4 129 79 5 12 7 103 168 492 10 44 53 4 137 64 84 5 556 52 130 357 39 11 396 4 34 42 24 49 5 64 4
83 18 143 4 113 10 162 6 14 5 459 54 11 88 4 51 136 49 4
49 52 16 5 49 592 6
253 8 477 109 4 302 314 7 20 9 918 4 418 1009 4
8 247 25 330 19 24 49 4 127 10 113 11 531 5 234 53 30 832 4
78 4 7 189 11 24 75 217 798 9 98 20 244 12 49 4 35 13 167 4 32 842 4
10 58 42 207 8 98 4
8 928 20 8 350 23 8 378 5 45 7 31 85 80 189 141 6 7 45 5 35 7 6
8 39 20 8 231 240 31 4 240 31 4 240 31 18
8 378 17 851 4 8 554 25 207 4 339 25 278 4
12 131 109 18 69 63 15 4 69 63 15 18
743 4
56 18 12 10 81 80 32 661 222 18
8 247 22 508 4 325 29 20 24 221 5 302 136 30 900 11 745 19 4 280 1013 9 124 5 42 19 4
60 5 34 24 17 8 105 101 4 10 204 5 24 17 59 228 101 4 35 7 31 16 24 124 17 980 23 6 850 23 7 4 229 221 95 975 11 253 5 83 38 4 1005 5 12 475 521 77 48 4 12 8 954 1012 17 5 14 231 5 14 190 5 134 54 11 449 4 106 622 104 6 56 5 29 103 430 15 167 4 146 4
94 10 848 253 9 99 221 4
56 5 315 13 4 7 31 7 116 4 13 375 165 11 221 15 285 23 246 312 4
12 93 118 79 4
14 18 68 6 95 67 11 351 28 4 68 6 45 512 18 95 67 11 186 542 5 212 4
39 4
82 5 65 292 4 481 15 397 11 30 6
21 7 4
7 45 31 6
681 265 4 43 19 5 210 6 46 863 73 130 4 43 22 7 867 19 6
29 42 4 504 68 84 4 136 621 9 838 336 4 499 23 8 357 39 160 290 25 396 11 215 130 4 16 9 815 95 214 4
14 5 348 499 77 19 119 160 70 273 19 4 68 5 45 32 273 19 5 249 4 383 8 144 5 8 144 20 33 173 7 455 100 4 383 7 191 336 4 10 828 11 315 5 34 7 58 4 7 191 20 8 144 4 7 191 336 4 68 5 636 77 16 7 158 4
14 4 14 4 14 18
82 206 5 26 27 4 9 643 1007 23 582 4
26 27 17 990 4 26 27 17 506 4
339 5 39 4 339 25 278 4
8 343 4 21 37 11 1002 5 83 6 65 5 65 105 5 60 6 15 198 21 389 4
68 4 22 7 78 6 22 7 73 222 6
16 121 6
57 58 13 4 8 39 58 13 4
14 5 10 238 4
16 22 7 115 6
718 8 919 37 4 133 20 558 4
77 16 6
8 844 4
293 5 10 238 126 7 156 88 18 569 758 853 23 8 821 572 4 24 17 9 883 547 708 111 132 5 12 7 97 71 11 366 13 6 16 6 58 7 81 443 44 765 6 7 209 5 37 38 5 48 4 78 5 48 93 206 13 4
58 57 32 432 90 37 6 58 57 32 215 8 75 141 155 12 94 432 41 8 155 37 167 6
85 22 7 71 6
8 597 4 14 5 182 28 4
29 698 8 75 658 10 74 9 458 859 4 11 298 73 8 245 4 49 11 235 28 9 431 4
7 32 937 155 37 11 545 4 496 155 5 888 155 5 155 23 899 5 12 48 46 452 33 157 109 4 68 5 114 452 211 157 109 4
308 33 37 127 13 699 7 4
22 7 667 157 48 6 258 157 861 11 120 5 7 31 4 11 68 22 7 42 71 11 308 33 37 6
14 4
51 24 44 9 105 971 5 44 13 6 80 97 371 4
371 17 105 4 103 153 37 17 172 4 55 28 5 94 18 8 39 25 100 7 48 4
7 22 42 23 24 75 4
14 5 34 93 235 9 209 23 223 219 13 4
56 5 955 5 10 45 31 4 16 35 7 81 6
17 24 75 187 6
187 6 72 15 204 5 187 6 125 968 120 194 38 4 17 15 187 6 306 9 172 341 4 17 24 75 9 303 11 8 247 6 82 5 55 28 4 46 603 8 161 132 4 17 24 75 9 303 6
14 4
22 8 868 23 24 75 568 23 138 581 217 8 755 23 8 247 6
14 4
78 4 96 287 4 32 96 4 17 24 75 878 6 119 46 42 8 205 209 11 55 38 4 56 5 53 47 214 51 259 4
12 16 95 67 11 407 17 5 16 121 11 90 6
143 4 29 8 39 4 591 5 147 4
17 15 13 6 17 15 90 274 52 105 6 106 97 80 6
78 5 16 47 7 67 52 19 24 49 6
69 63 7 4 56 5 7 561 175 18 69 63 7 4
133 77 775 109 615 4 272 99 231 4 101 943 4 32 118 9 536 380 11 8 936 12 37 11 147 130 20 4 348 326 52 8 183 179 48 4
21 7 4 7 189 37 4
297 10 189 37 4 10 202 55 37 4 151 171 73 15 6
12 7 250 8 157 4
82 5 10 32 527 8 75 4 8 161 132 5 52 77 8 771 49 5 14 516 4 60 5 529 19 4 10 250 8 157 4
694 8 470 913 4
60 5 21 394 4 470 705 22 394 4
22 7 141 414 132 6
60 4
78 4
51 16 35 7 81 6
23 16 6
346 994 4 152 11 733 163 66 6
16 164 15 204 6
13 198 4 82 5 13 198 55 73 19 4
85 6
854 7 112 4
41 15 179 15 121 4 8 236 5 8 653 5 26 27 4
56 5 45 260 5 65 32 8 687 4 86 926 287 4
60 5 34 258 474 5 258 612 474 5 41 15 179 4 15 44 134 79 188 4
56 4 18 740 4
60 4
51 65
332 79 18
332 79 509 243 340 4 68 84 5 8 224 106 411 5 95 411 342 446 4
225 10 44 9 576 5 7 139 53 44 9 218 226 12 9 267 5 12 8 218 226 44 20 8 267 4
60 4 42 489 85 21 67 11 48 4 358 308 50 4 51 5 153 6
14 4
7 686 11 55 332 79 188 4
10 421 50 4
45 260 4 145 390 241 15 4
82 6 269 7 152 11 126 6 138 817 1000 6 93 295 90 41 4
29 20 59 546 4
56 5 45 260 4 747 23 157 20 8 719 4 12 902 9 218 226 4 51 5 41 23 49 12 244 5 184 15 232 121 62 232 25 85 35 7 152 11 500 6
7 22 51 489 15 29 153 4
60 5 10 113 4
43 6
676 46 8 321 224 20 8 690 488 5 12 10 31 89 15 772 4
56 5 35 7 6
41 230 79 401 38 5 744 23 33 324 5 12 95 136 67 15 700 4 60 5 46 153 4
70 7 61 19 37 52 416 779 6
21 9 49 239 4 10 70 61 7 37 111 54 188 4 43 5 72 416 6
159 4 159 4 32 7 31 5 179 4
41 83 5 94 4 37 20 49 52 179 4
56 18 9 99 96 18 462 4 317 5 268 4
43 19 6
43 42 6
14 5 673 4 7 22 649 19 11 147 445 73 7 20 8 855 23 8 484 4 21 9 785 341 4 43 19 6
10 45 31 4 741 4 35 10 47 11 47 9 406 6
120 202 47 9 406 4
35 10 69 112 120 6
214 701 812 28 59 953 52 9 325 4 59 528 5 34 93 376 252 11 465 41 8 49 4 21 365 19 696 4
46 966 4 65 13 6 32 15 6
32 15 4 959 4
78 4
51 5 22 7 78 5 94 6 119 24 410 5 311 13 70 328 120 413 9 101 5 7 31 4
29 146 4 21 32 5 86 9 161 75 20 38 5 32 112 7 139 4 21 41 436 4 10 329 4 82 5 10 376 11 81 15 384 7 97 32 112 9 579 73 9 148 4
